172 367
393 184
74 269
267 63
173 368
14 222
239 41
315 123
141 343
252 52
129 334
243 43
180 373
82 275
94 284
89 280
316 123
121 326
284 76
320 127
178 375
108 317
341 141
186 377
387 180
33 236
61 261
208 18
167 365
25 230
353 153
337 137
331 134
97 309
316 118
273 67
107 317
237 35
388 182
110 319
25 217
296 85
22 214
142 340
96 285
317 123
195 384
23 229
21 227
215 23
394 184
36 231
300 111
343 145
174 374
62 264
66 264
316 122
211 19
290 80
330 127
78 276
380 178
346 142
272 67
60 263
223 23
113 313
23 223
84 283
180 385
34 234
205 9
28 228
353 151
389 181
316 115
33 233
98 298
146 346
26 229
154 349
99 310
165 358
124 315
288 79
251 56
360 155
323 116
378 177
355 152
11 211
243 38
25 232
150 346
317 122
114 304
207 7
102 313
391 191
82 284
279 82
325 125
109 314
354 156
230 32
245 47
36 232
173 364
24 232
296 108
317 115
13 202
255 55
320 118
287 87
322 116
395 184
16 205
326 126
64 265
11 216
307 118
2 202
309 113
269 73
376 171
218 24
307 118
6 217
80 274
305 103
32 225
205 393
308 110
190 380
282 90
186 375
47 250
17 227
291 79
253 52
215 3
108 319
103 310
68 259
219 15
131 339
335 135
384 175
344 137
18 211
27 231
47 247
206 4
100 312
380 170
387 183
172 375
96 304
137 339
370 172
240 47
227 20
374 179
185 378
168 365
297 107
364 167
35 229
32 233
87 288
262 56
285 74
172 369
145 339
253 59
225 30
168 365
301 89
339 132
394 187
178 388
51 259
25 220
336 126
131 333
250 53
251 49
92 284
53 248
69 275
8 196
284 74
265 57
345 140
385 197
52 260
267 59
60 258
171 361
48 243
246 47
327 129
35 224
399 196
251 58
66 259
379 188
130 324
161 352
66 259
306 114
77 272
119 309
205 394
299 88
365 173
368 175
207 15
129 328
71 259
358 157
136 334
339 133
42 231
239 42
200 1
253 62
2 192
231 21
377 169
212 21
310 119
46 240
329 125
316 104
206 16
44 245
215 8
307 98
90 290
299 93
87 280
56 250
181 372
326 119
275 70
319 113
213 0
82 288
293 82
81 281
356 154
127 332
332 127
383 176
224 24
311 105
149 352
308 115
347 150
297 108
129 318
223 29
177 371
263 62
236 28
258 51
285 98
196 389
395 192
391 198
110 298
193 393
172 365
183 378
370 176
294 84
386 178
57 257
184 388
156 350
247 51
372 161
169 357
283 71
125 316
274 77
222 12
93 301
267 67
106 294
106 294
285 72
98 289
210 398
307 106
278 74
29 225
