347 229
383 372
375 385
176 438
354 231
464 441
283 24
443 453
178 439
367 391
393 373
351 230
334 149
198 498
472 429
526 236
19 279
174 436
364 237
498 198
58 319
174 436
7 264
348 230
589 373
492 424
373 251
197 454
455 444
168 152
62 318
437 471
497 424
223 210
284 384
561 268
532 241
465 439
72 326
415 473
496 424
562 271
316 473
175 440
189 444
277 25
514 205
244 369
569 271
445 459
498 202
43 303
457 432
387 374
250 374
298 32
476 427
128 433
497 422
74 304
457 432
26 282
333 150
322 225
580 281
528 344
338 151
137 439
123 431
304 34
357 237
261 378
123 431
127 432
169 384
89 376
415 476
366 393
14 265
162 455
304 31
597 389
171 383
568 264
346 231
103 430
227 208
208 226
164 153
514 204
352 233
575 163
380 261
315 474
371 408
306 462
197 498
344 151
449 155
158 454
105 429
35 297
388 213
316 472
522 345
1 400
459 470
563 293
386 276
345 154
158 356
287 24
489 425
335 152
0 394
537 248
124 434
407 396
560 271
444 470
179 435
114 433
545 257
380 594
149 339
496 202
146 449
177 446
451 190
590 371
187 443
516 216
224 235
52 302
452 421
446 185
274 382
65 325
289 24
95 375
495 203
356 238
504 207
414 478
124 438
307 33
281 27
7 298
212 235
564 299
388 214
147 446
456 159
203 228
503 208
2 408
348 149
239 210
530 348
368 406
117 441
597 386
24 286
116 424
174 373
565 308
395 473
141 455
501 197
508 218
540 351
383 212
453 159
306 460
593 376
207 241
152 355
194 441
384 18
139 348
251 375
174 584
97 376
481 428
191 442
400 471
3 403
389 212
387 24
379 261
46 297
518 203
254 375
377 255
387 24
196 441
257 377
255 376
242 355
110 421
31 279
19 271
441 429
560 277
15 264
426 472
148 343
519 230
481 426
143 447
599 381
341 150
236 365
574 165
549 255
470 430
450 154
466 431
540 251
354 238
255 549
496 203
270 26
495 204
223 316
348 539
380 390
558 271
424 473
477 402
126 450
424 473
478 426
96 378
529 343
214 225
281 30
505 214
206 244
517 220
272 22
305 466
154 447
548 256
392 14
221 469
426 484
57 319
290 24
149 351
309 465
0 397
529 344
63 318
232 357
354 230
503 421
133 349
362 236
411 373
464 432
462 154
581 168
164 576
12 381
123 447
33 426
273 557
469 431
515 203
81 436
291 23
256 545
76 302
236 358
250 548
228 317
129 348
265 554
37 430
433 38
73 432
2 410
501 198
220 316
447 185
92 377
128 435
60 319
114 431
444 183
414 482
503 202
471 316
177 434
200 496
569 158
146 168
336 150
305 471
527 345
413 32
388 211
211 388
410 25
199 455
179 430
204 494
216 388
148 345
376 589
170 581
244 209
115 427
526 344
313 471
132 350
163 582
43 431
532 249
479 229
348 134
320 473
467 454
484 403
241 209
588 371
88 377
156 446
544 257
356 242
448 192
147 461
52 319
37 428
483 422
467 430
351 156
271 24
264 555
349 153
598 295
85 375
545 258
419 473
177 445
149 338
24 288
445 189
349 153
496 201
303 35
248 371
592 388
572 161
249 543
488 404
191 441
149 356
466 438
243 370
424 33
30 287
178 456
282 25
149 356
488 404
323 223
19 297
218 528
454 193
63 409
103 435
176 582
496 201
11 383
81 365
41 430
582 164
572 166
186 433
35 435
171 581
161 444
423 474
123 441
391 308
164 581
547 251
327 471
42 434
66 328
417 27
200 498
560 280
158 446
207 494
403 490
557 277
420 37
191 438
310 473
281 33
469 316
143 450
587 380
136 348
595 288
383 285
362 250
30 280
162 582
386 214
325 493
112 431
453 187
360 237
542 351
308 225
563 161
91 374
579 169
183 430
192 440
23 278
40 424
61 319
64 328
190 450
527 347
551 255
101 299
95 373
166 575
552 256
478 435
446 159
81 372
18 383
65 333
55 311
337 154
184 439
347 139
121 432
590 370
39 293
403 25
135 348
87 328
324 222
189 442
278 31
511 201
373 257
345 150
259 539
530 241
49 438
515 202
388 209
31 278
529 256
415 103
327 223
23 295
575 165
295 21
183 441
331 151
555 277
506 196
536 257
173 579
553 295
294 28
439 199
96 297
349 148
292 23
347 129
567 167
539 257
231 525
425 17
132 349
474 314
62 410
362 393
389 592
331 150
133 348
388 340
280 31
580 170
186 454
249 206
539 257
77 436
466 158
405 495
574 157
282 30
249 493
162 584
306 474
392 342
331 503
423 482
503 198
444 462
440 44
119 443
410 482
165 581
296 21
475 314
539 351
450 161
522 344
536 348
355 244
124 445
174 146
475 314
458 157
3 394
0 392
433 443
0 392
501 199
397 20
31 428
283 26
168 364
325 472
559 295
533 233
84 377
333 146
550 270
77 431
448 151
384 216
580 164
129 447
167 361
274 385
281 582
495 202
59 326
515 204
480 414
81 374
148 449
28 391
374 257
353 232
230 316
289 587
513 207
497 200
435 38
4 356
527 349
467 318
574 170
559 296
535 260
472 427
246 207
391 210
532 238
594 375
577 171
356 151
534 249
537 351
265 11
2 412
371 589
529 342
245 373
137 433
404 483
60 329
125 449
397 345
493 240
86 371
487 235
328 403
246 494
323 224
552 254
17 384
495 415
254 552
427 38
144 348
291 24
47 301
595 290
301 32
319 226
196 446
184 437
350 131
58 320
1 357
426 179
469 317
134 346
577 165
346 147
529 144
587 379
142 452
407 355
129 453
170 579
543 281
321 227
112 416
557 310
403 485
229 315
377 208
343 151
345 157
408 482
251 205
561 171
374 588
237 220
460 156
342 155
595 291
349 389
191 436
131 432
507 339
527 344
200 501
161 583
445 198
476 316
42 436
374 588
425 116
319 475
64 317
520 205
249 375
225 235
27 307
364 375
236 225
385 215
123 450
419 114
175 142
181 447
422 118
159 581
92 299
503 197
332 150
435 124
313 295
564 310
13 389
358 238
210 220
256 547
84 239
220 470
135 360
308 26
263 14
460 143
179 455
281 31
382 11
378 208
395 21
424 12
124 439
539 241
426 16
471 322
388 212
90 293
89 292
283 25
482 161
598 387
0 395
373 151
420 33
40 426
118 435
190 430
371 586
436 446
520 345
76 373
27 391
357 240
175 566
557 161
420 153
265 501
220 516
412 109
36 309
283 385
41 292
250 547
260 500
26 273
407 20
220 516
37 288
287 28
300 42
559 161
61 406
52 301
131 352
230 358
159 145
93 301
381 11
447 148
60 322
100 295
149 166
177 433
10 426
317 470
227 341
303 466
135 449
21 298
505 218
497 202
227 341
167 149
132 443
236 209
430 114
405 20
234 466
418 7
550 271
521 203
366 155
139 440
162 448
570 166
470 314
527 215
195 451
431 34
82 435
82 435
87 240
491 238
29 270
253 204
84 376
114 430
18 424
52 447
160 582
540 254
31 277
337 150
160 582
145 348
295 223
215 388
393 339
494 205
557 308
417 35
126 357
23 293
411 366
103 416
557 308
206 494
515 199
174 374
405 364
127 457
414 394
160 582
268 279
365 3
413 2
519 258
586 164
100 300
127 440
285 24
533 138
406 348
82 365
216 240
430 191
137 347
465 316
71 218
501 202
173 565
201 498
355 239
243 478
519 258
5 356
386 272
599 384
473 315
359 232
182 443
0 399
281 388
188 449
593 297
375 208
366 16
21 384
575 155
123 440
197 504
563 159
154 441
157 429
374 253
105 310
456 208
210 390
481 160
409 2
294 23
310 475
123 440
310 475
292 587
528 139
589 293
248 548
193 449
404 29
394 14
17 392
382 169
318 307
48 434
190 431
513 205
599 297
586 165
390 592
428 43
486 253
295 217
406 483
559 162
33 278
428 43
165 570
347 403
470 438
97 294
400 18
135 346
23 301
553 265
498 199
508 264
326 224
476 422
338 351
255 550
59 329
589 281
354 342
349 333
89 404
347 138
255 550
352 340
423 117
89 404
520 203
124 344
128 349
53 319
467 309
93 373
329 223
159 574
560 169
386 171
230 329
232 218
364 239
520 236
53 319
163 581
191 447
431 32
120 440
194 439
155 462
148 339
429 156
119 448
107 398
417 152
430 122
589 295
479 419
248 376
517 259
309 476
37 395
303 475
129 432
546 256
265 504
586 279
333 153
426 180
29 409
48 435
124 468
45 447
91 376
269 11
509 261
187 434
545 155
388 210
542 349
299 471
540 348
178 388
343 387
293 24
36 429
157 146
496 401
166 569
24 284
325 59
299 23
92 298
541 161
29 271
252 372
561 161
11 356
98 374
453 293
193 442
520 204
556 169
93 375
23 296
415 477
123 333
308 323
566 305
382 283
220 387
558 169
0 411
452 161
204 242
97 295
65 411
464 163
29 281
25 284
210 385
592 371
567 169
84 229
219 388
353 4
229 326
537 262
38 425
382 283
361 394
493 207
441 172
460 186
65 219
191 443
368 4
484 421
231 303
112 432
145 440
357 406
588 378
576 165
566 299
144 324
320 474
594 388
141 361
138 448
133 435
217 388
128 439
395 32
122 466
131 338
429 44
487 237
8 378
514 270
230 321
101 416
462 298
258 497
126 447
30 391
53 318
544 240
93 376
68 226
477 316
136 358
95 408
111 419
477 316
498 412
489 404
406 495
352 160
46 445
56 446
379 212
82 328
87 531
119 444
403 338
325 469
3 392
317 270
18 303
194 503
142 168
543 164
364 252
343 578
208 390
4 354
284 584
219 517
286 296
345 149
6 365
64 318
87 531
26 281
302 23
599 337
434 160
375 391
249 209
515 205
278 387
66 218
435 424
238 484
313 271
531 343
397 37
230 474
194 440
68 220
82 241
396 595
79 374
112 445
120 270
232 349
146 371
568 158
305 388
178 444
273 29
262 374
73 333
286 216
107 309
136 173
18 428
290 468
531 258
540 162
516 200
21 301
496 414
461 446
595 385
8 421
7 367
29 269
455 160
182 449
87 438
140 175
252 376
484 236
57 323
585 160
213 383
137 533
257 546
160 483
97 293
531 222
4 421
396 232
499 197
499 197
225 315
371 583
589 374
319 573
504 199
490 170
190 477
23 297
294 583
52 314
56 447
596 415
520 338
360 235
323 467
499 254
60 311
121 454
530 217
409 155
299 20
58 449
246 204
83 377
19 392
435 158
293 33
103 381
514 343
209 390
278 30
110 325
324 470
446 457
269 582
252 506
278 30
68 294
457 446
245 354
218 316
536 249
266 11
64 397
31 291
296 555
359 407
363 165
310 474
97 306
538 249
203 494
320 134
522 343
475 312
595 401
241 528
260 587
25 281
120 441
183 581
75 331
78 378
443 199
273 541
542 160
65 366
98 378
348 148
196 453
134 349
111 435
143 416
409 596
15 389
30 405
93 370
486 414
580 165
353 0
586 178
514 238
516 278
252 361
158 570
213 452
271 559
565 184
98 378
162 581
360 239
396 385
110 265
253 405
33 430
454 188
102 377
523 348
457 215
63 220
572 158
434 169
501 194
21 412
260 497
475 309
400 346
482 412
260 497
209 291
402 349
230 479
38 441
589 369
303 223
430 38
112 305
311 470
1 380
559 315
63 373
463 159
443 161
226 464
56 312
495 403
558 172
114 425
368 172
311 470
518 205
538 259
159 458
220 230
208 242
173 576
458 159
121 423
449 201
451 153
110 462
5 343
469 327
346 148
325 474
458 197
280 384
224 316
168 579
59 508
331 382
262 501
159 576
449 150
536 255
170 569
399 232
347 144
580 171
393 210
355 231
79 366
334 378
142 172
448 157
552 253
367 591
206 390
286 385
71 300
48 427
60 326
589 178
537 254
149 161
470 316
90 538
388 295
387 214
461 186
335 144
4 371
254 435
475 317
201 497
92 412
329 150
428 163
34 298
145 161
194 506
71 220
87 405
408 158
497 199
551 254
70 219
292 24
138 359
74 359
225 537
450 188
355 125
587 377
189 450
579 171
242 543
529 142
252 500
80 430
494 202
91 296
351 236
357 239
321 148
373 208
336 155
492 403
118 438
36 301
445 50
454 165
519 132
224 300
140 456
131 457
322 112
408 40
216 51
45 419
258 507
253 6
11 419
306 476
371 591
496 399
188 452
496 399
467 161
28 394
344 150
67 318
30 409
460 158
343 528
455 172
264 12
236 581
257 554
33 393
173 382
553 251
112 327
213 393
313 299
208 376
179 442
201 391
504 218
85 374
211 383
500 422
400 494
450 439
274 564
49 297
15 425
419 12
78 339
509 61
551 280
593 371
590 388
421 477
117 421
241 356
438 128
128 438
80 428
429 160
178 570
73 322
445 114
390 288
178 570
12 419
268 24
231 484
438 128
575 164
121 431
189 487
480 158
509 203
26 305
276 523
596 389
124 339
314 476
525 218
114 427
585 345
352 156
373 583
360 242
223 332
89 290
141 307
553 164
57 355
472 151
466 115
415 126
373 583
116 434
11 380
531 265
485 229
485 229
49 439
82 296
219 308
371 136
335 599
301 227
272 282
500 331
525 211
249 229
580 158
436 422
526 218
337 594
431 12
572 165
462 473
436 422
560 281
598 356
259 520
209 453
284 212
18 404
456 157
332 149
112 415
341 151
384 370
73 416
538 91
210 389
581 169
489 255
183 565
178 138
120 433
185 591
403 391
390 13
346 153
460 213
13 265
515 137
447 193
212 390
297 384
478 248
13 425
490 206
464 152
217 381
443 257
3 395
61 318
380 366
18 425
207 0
428 438
119 310
577 178
174 370
222 316
72 413
255 544
211 397
266 12
275 367
555 286
422 145
125 450
68 233
444 148
568 174
93 298
332 133
49 447
302 40
529 338
439 156
250 356
113 336
47 426
431 48
552 366
443 142
521 349
31 391
68 233
253 355
307 339
512 228
178 455
299 277
548 244
598 396
429 474
379 208
123 347
153 163
35 314
143 528
215 225
59 330
552 264
216 235
50 447
87 329
274 346
19 393
456 132
557 145
68 297
267 24
138 292
157 581
207 453
388 362
153 163
522 274
566 308
62 218
205 595
28 463
538 144
510 340
402 364
78 434
238 366
208 269
500 197
351 253
461 215
244 350
443 185
381 329
486 161
563 245
521 346
531 348
305 315
451 290
197 502
117 442
243 355
449 181
527 246
545 376
316 106
305 477
15 356
27 398
391 327
38 312
155 427
282 593
548 271
10 421
127 428
309 463
134 179
177 378
269 320
7 365
394 364
282 593
61 325
496 252
233 8
277 585
453 151
292 562
35 394
575 175
128 426
543 241
392 327
316 590
260 528
386 152
34 195
262 495
408 174
399 317
144 349
45 290
297 307
403 155
101 295
101 295
596 417
528 260
339 573
304 21
268 380
545 243
386 592
23 407
553 270
456 195
489 237
31 306
163 443
384 282
110 431
159 359
408 1
334 345
291 44
581 166
75 231
337 0
448 195
57 322
10 270
415 461
282 384
595 369
551 178
7 236
64 340
521 202
55 451
396 593
254 109
57 302
192 439
408 395
309 217
432 152
436 165
248 236
237 366
280 318
248 236
545 153
192 439
383 215
129 353
280 318
431 191
175 417
161 584
548 157
383 215
133 430
6 407
130 453
574 167
275 536
522 219
380 147
188 380
221 507
426 182
352 150
344 246
524 227
539 155
500 194
410 8
396 3
402 390
67 322
159 543
331 152
82 378
210 513
327 341
357 346
132 370
372 167
407 8
396 492
454 135
409 161
475 158
451 213
325 54
589 362
64 207
492 405
221 458
186 576
594 179
403 327
152 338
74 340
487 408
227 312
309 353
186 576
328 569
148 353
104 404
474 316
382 161
111 414
124 430
160 566
152 564
431 37
359 12
360 477
411 154
348 241
147 374
425 9
578 179
542 148
592 206
22 395
516 63
260 509
422 350
151 355
105 412
450 160
332 495
206 592
243 485
337 109
96 443
398 468
298 599
198 250
496 419
276 312
586 390
14 424
153 423
96 443
328 350
153 423
276 312
540 293
161 346
300 469
156 580
256 549
27 392
242 319
102 299
115 315
114 327
385 143
390 214
384 167
127 441
553 308
407 24
253 230
466 161
213 288
288 206
535 160
512 67
388 307
461 118
374 208
571 171
341 5
350 126
382 98
506 213
112 297
390 214
145 547
53 348
10 239
543 246
52 306
81 438
182 477
556 175
155 470
549 373
573 334
186 473
13 378
107 404
210 293
226 347
370 380
317 229
103 428
537 226
340 129
396 243
490 165
311 342
188 570
353 321
477 201
40 289
99 446
559 256
152 383
345 534
75 356
592 406
568 163
381 174
236 493
431 494
76 230
44 425
221 493
295 590
58 307
377 562
408 34
20 250
445 468
540 156
511 347
7 378
506 275
100 376
85 369
544 158
